1000	4
2000	4
3000	4
4000	4
5000	4
6000	4
7000	4
8000	4
9000	4
10000	4
11000	4
12000	4
13000	4
14000	4
15000	4
16000	4
17000	4
18000	4
19000	4
20000	4
21000	4
22000	4
23000	4
24000	4
25000	4
26000	4
27000	4
28000	4
29000	4
30000	4
31000	6
32000	6
33000	6
34000	6
35000	6
36000	6
37000	6
38000	6
39000	6
40000	6
41000	6
42000	6
43000	6
44000	6
45000	6
46000	6
47000	6
48000	6
49000	6
50000	6
51000	6
52000	6
53000	6
54000	6
55000	6
56000	6
57000	6
58000	6
59000	6
60000	6
61000	6
62000	6
63000	6
64000	6
65000	6
66000	6
67000	6
68000	6
69000	6
70000	6
71000	6
72000	6
73000	6
74000	6
75000	6
76000	6
77000	6
78000	6
79000	6
80000	6
81000	6
82000	6
83000	6
84000	6
85000	6
86000	6
87000	6
88000	6
89000	6
90000	6
91000	6
92000	6
93000	6
94000	6
95000	6
96000	6
97000	6
98000	6
99000	6
100000	6
101000	6
102000	6
103000	6
104000	6
105000	6
106000	6
107000	6
108000	6
109000	6
110000	6
111000	6
112000	6
113000	6
114000	6
115000	6
116000	6
117000	6
118000	6
119000	6
120000	6
121000	6
122000	6
123000	6
124000	6
125000	6
126000	6
127000	6
128000	6
129000	6
130000	6
131000	6
132000	6
133000	6
134000	6
135000	6
136000	6
137000	6
138000	6
139000	6
140000	6
141000	6
142000	6
143000	6
144000	6
145000	6
146000	6
147000	6
148000	6
149000	6
150000	6
151000	6
152000	6
153000	6
154000	6
155000	6
156000	6
157000	6
158000	6
159000	6
160000	6
161000	6
162000	6
163000	6
164000	6
165000	6
166000	6
167000	6
168000	6
169000	6
170000	6
171000	6
172000	6
173000	6
174000	6
175000	6
176000	6
177000	6
178000	6
179000	6
180000	6
181000	6
182000	6
183000	6
184000	6
185000	6
186000	6
187000	6
188000	6
189000	6
190000	6
191000	6
192000	6
193000	6
194000	6
195000	6
196000	6
197000	6
198000	6
199000	6
200000	6
201000	6
202000	6
203000	6
204000	6
205000	6
206000	6
207000	6
208000	6
209000	6
210000	6
211000	6
212000	6
213000	6
214000	6
215000	6
216000	6
217000	6
218000	6
219000	6
220000	6
221000	6
222000	6
223000	6
224000	6
225000	6
226000	6
227000	6
228000	6
229000	6
230000	6
231000	6
232000	6
233000	6
234000	6
235000	6
236000	6
237000	6
238000	6
239000	6
240000	6
241000	6
242000	6
243000	6
244000	6
245000	6
246000	6
247000	6
248000	6
249000	6
250000	6
251000	6
252000	6
253000	6
254000	6
255000	6
256000	6
257000	6
258000	6
259000	6
260000	6
261000	6
262000	6
263000	6
264000	6
265000	6
266000	6
267000	6
268000	6
269000	6
270000	6
271000	6
272000	6
273000	6
274000	6
275000	6
276000	6
277000	6
278000	6
279000	6
280000	6
281000	6
282000	6
283000	6
284000	6
285000	6
286000	6
287000	6
288000	6
289000	6
290000	6
291000	6
292000	6
293000	6
294000	6
295000	6
296000	6
297000	6
298000	6
299000	6
300000	6
301000	6
302000	6
303000	6
304000	6
305000	6
306000	6
307000	6
308000	6
309000	6
310000	6
311000	6
312000	6
313000	6
314000	6
315000	6
316000	6
317000	6
318000	6
319000	6
320000	6
321000	6
322000	6
323000	6
324000	6
325000	6
326000	6
327000	6
328000	6
329000	6
330000	6
331000	6
332000	6
333000	6
334000	6
335000	6
336000	6
337000	6
338000	6
339000	6
340000	6
341000	6
342000	6
343000	6
344000	6
345000	6
346000	6
347000	6
348000	6
349000	6
350000	6
351000	6
352000	6
353000	6
354000	6
355000	6
356000	6
357000	6
358000	6
359000	6
360000	6
361000	6
362000	6
363000	6
364000	6
365000	6
366000	6
367000	6
368000	6
369000	6
370000	6
371000	6
372000	6
373000	6
374000	6
375000	6
376000	6
377000	6
378000	6
379000	6
380000	6
381000	6
382000	6
383000	6
384000	6
385000	6
386000	6
387000	6
388000	6
389000	6
390000	6
391000	6
392000	6
393000	6
394000	6
395000	6
396000	6
397000	6
398000	6
399000	6
400000	6
401000	6
402000	6
403000	6
404000	6
405000	6
406000	6
407000	6
408000	6
409000	6
410000	6
411000	6
412000	6
413000	6
414000	6
415000	6
416000	6
417000	6
418000	6
419000	6
420000	6
421000	6
422000	6
423000	6
424000	6
425000	6
426000	6
427000	6
428000	6
429000	6
430000	6
431000	6
432000	6
433000	6
434000	6
435000	6
436000	6
437000	6
438000	6
439000	6
440000	6
441000	6
442000	6
443000	6
444000	6
445000	6
446000	6
447000	6
448000	6
449000	6
450000	6
451000	6
452000	6
453000	6
454000	6
455000	6
456000	6
457000	6
458000	6
459000	6
460000	6
461000	6
462000	6
463000	6
464000	6
465000	6
466000	6
467000	6
468000	6
469000	6
470000	6
471000	6
472000	6
473000	6
474000	6
475000	6
476000	6
477000	6
478000	6
479000	6
480000	6
481000	6
482000	6
483000	6
484000	6
485000	6
486000	6
487000	6
488000	6
489000	6
490000	6
491000	6
492000	6
493000	6
494000	6
495000	6
496000	6
497000	6
498000	6
499000	6
500000	6
501000	6
502000	6
503000	6
504000	6
505000	6
506000	6
507000	6
508000	6
509000	6
510000	6
511000	6
512000	6
513000	6
514000	6
515000	6
516000	6
517000	6
518000	6
519000	6
520000	6
521000	6
522000	6
523000	6
524000	6
525000	6
526000	6
527000	6
528000	6
529000	6
530000	6
531000	6
532000	6
533000	6
534000	6
535000	6
536000	6
537000	6
538000	6
539000	6
540000	6
541000	6
542000	6
543000	6
544000	6
545000	6
546000	6
547000	6
548000	6
549000	6
550000	6
551000	6
552000	6
553000	6
554000	6
555000	6
556000	6
557000	6
558000	6
559000	6
560000	6
561000	6
562000	6
563000	6
564000	6
565000	6
566000	6
567000	6
568000	6
569000	6
570000	6
571000	6
572000	6
573000	6
574000	6
575000	6
576000	6
577000	6
578000	6
579000	6
580000	6
581000	6
582000	6
583000	6
584000	6
585000	6
586000	6
587000	6
588000	6
589000	6
590000	6
591000	6
592000	6
593000	6
594000	6
595000	6
596000	6
597000	6
598000	6
599000	6
600000	6
601000	6
602000	6
603000	6
604000	6
605000	6
606000	6
607000	6
608000	6
609000	6
610000	6
611000	6
612000	6
613000	6
614000	6
615000	6
616000	6
617000	6
618000	6
619000	6
620000	6
621000	6
622000	6
623000	6
624000	6
625000	6
626000	6
627000	6
628000	6
629000	6
630000	6
631000	6
632000	6
633000	6
634000	6
635000	6
636000	6
637000	6
638000	6
639000	6
640000	6
641000	6
642000	6
643000	6
644000	6
645000	6
646000	6
647000	6
648000	6
649000	6
650000	6
651000	6
652000	6
653000	6
654000	6
655000	6
656000	6
657000	6
658000	6
659000	6
660000	6
661000	6
662000	6
663000	6
664000	6
665000	6
666000	6
667000	6
668000	6
669000	6
670000	6
671000	6
672000	6
673000	6
674000	6
675000	6
676000	6
677000	6
678000	6
679000	6
680000	6
681000	6
682000	6
683000	6
684000	6
685000	6
686000	6
687000	6
688000	6
689000	6
690000	6
691000	6
692000	6
693000	6
694000	6
695000	6
696000	6
697000	6
698000	6
699000	6
700000	6
701000	6
702000	6
703000	6
704000	6
705000	6
706000	6
707000	6
708000	6
709000	6
710000	6
711000	6
712000	6
713000	6
714000	6
715000	6
716000	6
717000	6
718000	6
719000	6
720000	6
721000	6
722000	6
723000	6
724000	6
725000	6
726000	6
727000	6
728000	6
729000	6
730000	6
731000	6
732000	6
733000	6
734000	6
735000	6
736000	6
737000	6
738000	6
739000	6
740000	6
741000	6
742000	6
743000	6
744000	6
745000	6
746000	6
747000	6
748000	6
749000	6
750000	6
751000	6
752000	6
753000	6
754000	6
755000	6
756000	6
757000	6
758000	6
759000	6
760000	6
761000	6
762000	6
763000	6
764000	6
765000	6
766000	6
767000	6
768000	6
769000	6
770000	6
771000	6
772000	6
773000	6
774000	6
775000	6
776000	6
777000	6
778000	6
779000	6
780000	6
781000	6
782000	6
783000	6
784000	6
785000	6
786000	6
787000	6
788000	6
789000	6
790000	6
791000	6
792000	6
793000	6
794000	6
795000	6
796000	6
797000	6
798000	6
799000	6
800000	6
801000	6
802000	6
803000	6
804000	6
805000	6
806000	6
807000	6
808000	6
809000	6
810000	6
811000	6
812000	6
813000	6
814000	6
815000	6
816000	6
817000	6
818000	6
819000	6
820000	6
821000	6
822000	6
823000	6
824000	6
825000	6
826000	6
827000	6
828000	6
829000	6
830000	6
831000	6
832000	6
833000	6
834000	6
835000	6
836000	6
837000	6
838000	6
839000	6
840000	6
841000	6
842000	6
843000	6
844000	6
845000	6
846000	6
847000	6
848000	6
849000	6
850000	6
851000	6
852000	6
853000	6
854000	6
855000	6
856000	6
857000	6
858000	6
859000	6
860000	6
861000	6
862000	6
863000	6
864000	6
865000	6
866000	6
867000	6
868000	6
869000	6
870000	6
871000	6
872000	6
873000	6
874000	6
875000	6
876000	6
877000	6
878000	6
879000	6
880000	6
881000	6
882000	6
883000	6
884000	6
885000	6
886000	6
887000	6
888000	6
889000	6
890000	6
891000	6
892000	6
893000	6
894000	6
895000	6
896000	6
897000	6
898000	6
899000	6
900000	6
901000	6
902000	6
903000	6
904000	6
905000	6
906000	6
907000	6
908000	6
909000	6
910000	6
911000	6
912000	6
913000	6
914000	6
915000	6
916000	6
917000	6
918000	6
919000	6
920000	6
921000	6
922000	6
923000	6
924000	6
925000	6
926000	6
927000	6
928000	6
929000	6
930000	6
931000	6
932000	6
933000	6
934000	6
935000	6
936000	6
937000	6
938000	6
939000	6
940000	6
941000	6
942000	6
943000	6
944000	6
945000	6
946000	6
947000	6
948000	6
949000	6
950000	6
951000	6
952000	6
953000	6
954000	6
955000	6
956000	6
957000	6
958000	6
959000	6
960000	6
961000	6
962000	6
963000	6
964000	6
965000	6
966000	6
967000	6
968000	6
969000	6
970000	6
971000	6
972000	6
973000	6
974000	6
975000	6
976000	6
977000	6
978000	6
979000	6
980000	6
981000	6
982000	6
983000	6
984000	6
985000	6
986000	6
987000	6
988000	6
989000	6
990000	6
991000	6
992000	6
993000	6
994000	6
995000	6
996000	6
997000	6
998000	6
999000	6
1000000	6